
# Surface 0 of 1 surfaces

# Curve title: "'../../data/z.txt' matrix"

# Contour 0, label:        1
 58  69.0887  1 
 57.8066  69  1 
 57  68.6006  1 
 56.3114  68  1 
 56  67.6893  1 
 55.5292  67  1 
 55  66.0378  1 
 54.9845  66  1 
 54.6907  65  1 
 54.5352  64  1 
 54.5361  63  1 
 54.713  62  1 
 55  61.2342  1 
 55.1179  61  1 
 55.9186  60  1 
 56  59.9275  1 
 57  59.3301  1 
 58  59.0074  1 
 58.0998  59  1 
 59  58.9484  1 
 59.4141  59  1 
 60  59.0935  1 
 61  59.4778  1 
 61.8606  60  1 
 62  60.118  1 
 62.766  61  1 
 63  61.4295  1 
 63.2481  62  1 
 63.4522  63  1 
 63.4533  64  1 
 63.2782  65  1 
 63  65.8517  1 
 62.9392  66  1 
 62.3701  67  1 
 62  67.5265  1 
 61.5418  68  1 
 61  68.487  1 
 60.0658  69  1 
 60  69.033  1 
 59  69.2204  1 
 58  69.0887  1 


# Contour 1, label:      0.5
 103.81  75  0.5 
 103  75.8723  0.5 
 102.864  76  0.5 
 102  76.7623  0.5 
 101.683  77  0.5 
 101  77.4878  0.5 
 100.127  78  0.5 
 100  78.0722  0.5 
 99  78.5296  0.5 
 98  78.8712  0.5 
 97.4448  79  0.5 
 97  79.1037  0.5 
 96  79.2305  0.5 
 95  79.2526  0.5 
 94  79.1687  0.5 

 94  79.1687  0.5 
 93.1245  79  0.5 
 93  78.9751  0.5 
 92  78.666  0.5 
 91  78.2307  0.5 
 90.5805  78  0.5 
 90  77.654  0.5 
 89.1031  77  0.5 
 89  76.917  0.5 
 88.0083  76  0.5 
 88  75.9914  0.5 
 87.1229  75  0.5 
 87  74.8413  0.5 
 86.3692  74  0.5 
 86  73.4305  0.5 
 85.7151  73  0.5 
 85.137  72  0.5 
 85  71.7316  0.5 
 84.592  71  0.5 
 84.1114  70  0.5 
 84  69.7358  0.5 
 83.6316  69  0.5 
 83.2065  68  0.5 
 83  67.4145  0.5 
 82.8037  67  0.5 
 82.429  66  0.5 
 82.1665  65  0.5 
 82.0275  64  0.5 
 82.0283  63  0.5 
 82.1883  62  0.5 
 82.5276  61  0.5 
 83  60.1184  0.5 
 83.0466  60  0.5 
 83.5927  59  0.5 
 84  58.423  0.5 
 84.2463  58  0.5 
 84.9634  57  0.5 
 85  56.9567  0.5 
 85.7204  56  0.5 
 86  55.6778  0.5 
 86.5525  55  0.5 
 87  54.5121  0.5 
 87.4616  54  0.5 
 88  53.4581  0.5 
 88.4655  53  0.5 
 89  52.5138  0.5 
 89.5998  52  0.5 
 90  51.6776  0.5 
 90.9278  51  0.5 
 91  50.9496  0.5 
 92  50.3371  0.5 
 92.6626  50  0.5 
 93  49.8326  0.5 
 94  49.4425  0.5 
 95  49.1648  0.5 
 96  49.0018  0.5 
 96.0394  49  0.5 
 97  48.9558  0.5 
 97.6077  49  0.5 
 98  49.0292  0.5 
 99  49.2265  0.5 
 100  49.5535  0.5 
 100.962  50  0.5 
 101  50.0188  0.5 
 102  50.6416  0.5 
 102.467  51  0.5 
 103  51.4408  0.5 
 103.575  52  0.5 
 104  52.4539  0.5 
 104.452  53  0.5 
 105  53.7437  0.5 
 105.172  54  0.5 
 105.769  55  0.5 
 106  55.4468  0.5 
 106.269  56  0.5 
 106.686  57  0.5 
 107  57.9046  0.5 
 107.032  58  0.5 
 107.31  59  0.5 
 107.528  60  0.5 
 107.688  61  0.5 
 107.794  62  0.5 
 107.846  63  0.5 
 107.846  64  0.5 
 107.794  65  0.5 
 107.689  66  0.5 
 107.531  67  0.5 
 107.316  68  0.5 
 107.044  69  0.5 
 107  69.1342  0.5 
 106.707  70  0.5 
 106.304  71  0.5 
 106  71.6498  0.5 
 105.826  72  0.5 
 105.262  73  0.5 
 105  73.4131  0.5 
 104.596  74  0.5 
 104  74.7774  0.5 
 103.81  75  0.5 

 75.226  57  0.5 
 76  57.9724  0.5 
 76.0259  58  0.5 
 76.7571  59  0.5 
 77  59.4526  0.5 
 77.382  60  0.5 
 77.8632  61  0.5 
 78  61.4634  0.5 
 78.2444  62  0.5 
 78.4548  63  0.5 
 78.4562  64  0.5 
 78.282  65  0.5 
 78  65.889  0.5 
 77.9773  66  0.5 
 77.7027  67  0.5 
 77.3784  68  0.5 
 77.0261  69  0.5 
 77  69.0729  0.5 
 76.7461  70  0.5 
 76.4784  71  0.5 
 76.2283  72  0.5 
 76.0043  73  0.5 
 76  73.0224  0.5 
 75.8406  74  0.5 
 75.7028  75  0.5 
 75.5888  76  0.5 
 75.4941  77  0.5 
 75.412  78  0.5 
 75.3339  79  0.5 
 75.2497  80  0.5 
 75.1488  81  0.5 
 75.0199  82  0.5 
 75  82.1192  0.5 
 74.8598  83  0.5 
 74.6507  84  0.5 
 74.3798  85  0.5 
 74.0352  86  0.5 
 74  86.0838  0.5 
 73.6099  87  0.5 
 73.0832  88  0.5 
 73  88.1337  0.5 
 72.4326  89  0.5 
 72  89.5581  0.5 
 71.629  90  0.5 
 71  90.649  0.5 
 70.6206  91  0.5 
 70  91.5094  0.5 
 69.3122  92  0.5 
 69  92.2021  0.5 
 68  92.755  0.5 
 67.4613  93  0.5 
 67  93.1956  0.5 
 66  93.5349  0.5 
 65  93.788  0.5 
 64  93.9603  0.5 
 63.5889  94  0.5 
 63  94.055  0.5 
 62  94.0769  0.5 
 61  94.0284  0.5 

 61  94.0284  0.5 
 60.7607  94  0.5 
 60  93.9084  0.5 
 59  93.7165  0.5 
 58  93.451  0.5 
 57  93.1078  0.5 
 56.7434  93  0.5 
 56  92.6759  0.5 
 55  92.1493  0.5 
 54.7578  92  0.5 
 54  91.5071  0.5 
 53.3324  91  0.5 
 53  90.7303  0.5 
 52.2184  90  0.5 
 52  89.7791  0.5 
 51.3236  89  0.5 
 51  88.5899  0.5 
 50.5873  88  0.5 
 50  87.0589  0.5 
 49.9672  87  0.5 
 49.4612  86  0.5 
 49.0208  85  0.5 
 49  84.9479  0.5 
 48.6601  84  0.5 
 48.3465  83  0.5 
 48.0708  82  0.5 
 48  81.7183  0.5 
 47.837  81  0.5 
 47.6317  80  0.5 
 47.4451  79  0.5 
 47.2727  78  0.5 
 47.1108  77  0.5 
 47  76.288  0.5 
 46.9594  76  0.5 
 46.8206  75  0.5 
 46.6865  74  0.5 
 46.5567  73  0.5 
 46.4312  72  0.5 
 46.3109  71  0.5 
 46.1973  70  0.5 
 46.092  69  0.5 
 46  68.0296  0.5 
 45.9974  68  0.5 
 45.9204  67  0.5 
 45.8582  66  0.5 
 45.8136  65  0.5 
 45.7898  64  0.5 
 45.7899  63  0.5 
 45.8177  62  0.5 
 45.8772  61  0.5 
 45.9728  60  0.5 
 46  59.7983  0.5 
 46.1166  59  0.5 
 46.3124  58  0.5 
 46.5662  57  0.5 
 46.8871  56  0.5 
 47  55.7078  0.5 
 47.3092  55  0.5 
 47.8409  54  0.5 
 48  53.7444  0.5 
 48.5425  53  0.5 
 49  52.4627  0.5 
 49.4758  52  0.5 
 50  51.5503  0.5 
 50.8037  51  0.5 
 51  50.8783  0.5 
 52  50.3847  0.5 
 53  50.0173  0.5 
 53.0626  50  0.5 
 54  49.7564  0.5 
 55  49.5771  0.5 
 56  49.4655  0.5 
 57  49.4111  0.5 
 58  49.4064  0.5 
 59  49.4458  0.5 
 60  49.5256  0.5 
 61  49.6434  0.5 
 62  49.7985  0.5 
 63  49.9908  0.5 
 63.0406  50  0.5 
 64  50.2261  0.5 
 65  50.5024  0.5 
 66  50.8215  0.5 
 66.4975  51  0.5 
 67  51.1926  0.5 
 68  51.6193  0.5 
 68.8044  52  0.5 
 69  52.1015  0.5 
 70  52.6582  0.5 
 70.5736  53  0.5 
 71  53.2861  0.5 
 72  53.9896  0.5 
 72.0148  54  0.5 
 73  54.8043  0.5 
 73.2422  55  0.5 
 74  55.7255  0.5 
 74.3016  56  0.5 
 75  56.7734  0.5 
 75.226  57  0.5 


# Contour 2, label:        0
 98  15.4158  0 
 98.2222  15  0 
 98.668  14  0 
 99  13.1562  0 
 99.088  13  0 
 99.5377  12  0 
 99.9435  11  0 
 100  10.8228  0 
 100.387  10  0 
 100.797  9  0 
 101  8.42  0 
 101.219  8  0 
 101.637  7  0 
 102  6.03333  0 
 102.019  6  0 
 102.465  5  0 
 102.833  4  0 
 103  3.5  0 
 103.261  3  0 
 103.651  2  0 
 104  1.03499  0 
 104.021  1  0 
 104.454  0  0 

 41.5593  49  0 
 41.8537  48  0 
 42  47.5636  0 
 42.2129  47  0 
 42.6532  46  0 
 43  45.3287  0 
 43.2008  45  0 
 43.9005  44  0 
 44  43.8707  0 
 44.8468  43  0 
 45  42.8561  0 
 46  42.1383  0 
 46.2644  42  0 
 47  41.6251  0 
 48  41.2774  0 
 49  41.0564  0 
 49.4212  41  0 
 50  40.9197  0 
 51  40.8543  0 
 52  40.8488  0 
 53  40.8896  0 
 54  40.9666  0 
 54.3109  41  0 
 55  41.0643  0 
 56  41.1781  0 
 57  41.3073  0 
 58  41.4483  0 
 59  41.5987  0 
 60  41.7567  0 
 61  41.9211  0 
 61.4656  42  0 
 62  42.0826  0 
 63  42.2417  0 
 64  42.4058  0 
 65  42.5751  0 
 66  42.7498  0 
 67  42.9297  0 
 67.3899  43  0 
 68  43.1045  0 
 69  43.2757  0 
 70  43.4461  0 
 71  43.6114  0 
 72  43.765  0 
 73  43.898  0 
 74  43.999  0 
 74.0193  44  0 
 75  44.0501  0 
 76  44.0431  0 
 76.5437  44  0 
 77  43.9591  0 
 78  43.7759  0 
 79  43.4836  0 
 80  43.0755  0 
 80.148  43  0 
 81  42.5147  0 
 81.7647  42  0 
 82  41.8227  0 
 82.9869  41  0 
 83  40.9878  0 
 84  40.0034  0 
 84.0033  40  0 
 84.8987  39  0 
 85  38.8737  0 
 85.7144  38  0 
 86  37.6117  0 
 86.472  37  0 
 87  36.2428  0 
 87.1823  36  0 
 87.8562  35  0 
 88  34.7598  0 
 88.505  34  0 
 89  33.1781  0 
 89.1218  33  0 
 89.7245  32  0 
 90  31.489  0 
 90.3073  31  0 
 90.8687  30  0 
 91  29.7314  0 
 91.4274  29  0 
 91.9561  28  0 
 92  27.9023  0 
 92.4962  27  0 
 92.9993  26  0 
 93  25.9983  0 
 93.5239  25  0 
 94  24.0127  0 
 94.0078  24  0 
 94.5172  23  0 
 94.9849  22  0 
 95  21.9605  0 
 95.4809  21  0 
 95.9374  20  0 
 96  19.8331  0 
 96.4186  19  0 
 96.8675  18  0 
 97  17.6461  0 
 97.3315  17  0 
 97.7771  16  0 
 98  15.4158  0 

 21.9973  127  0 
 22  126.995  0 
 22.3266  126  0 
 22.6946  125  0 
 23  124.286  0 
 23.08  124  0 
 23.4516  123  0 
 23.8421  122  0 
 24  121.684  0 
 24.2167  121  0 
 24.5833  120  0 
 24.9884  119  0 
 25  118.978  0 
 25.3435  118  0 
 25.7308  117  0 
 26  116.408  0 
 26.1245  116  0 
 26.4928  115  0 
 26.8951  114  0 
 27  113.79  0 
 27.2712  113  0 
 27.6588  112  0 
 28  111.213  0 
 28.0648  111  0 
 28.437  110  0 
 28.8398  109  0 
 29  108.665  0 
 29.228  108  0 
 29.6158  107  0 
 30  106.09  0 
 30.0279  106  0 
 30.4028  105  0 
 30.8038  104  0 
 31  103.572  0 
 31.1973  103  0 
 31.584  102  0 
 31.9948  101  0 
 32  100.989  0 
 32.3693  100  0 
 32.7634  99  0 
 33  98.455  0 
 33.1552  98  0 
 33.5337  97  0 
 33.9289  96  0 
 34  95.84  0 
 34.3003  95  0 
 34.6762  94  0 
 35  93.1772  0 
 35.0573  93  0 
 35.4139  92  0 
 35.7779  91  0 
 36  90.418  0 
 36.1343  90  0 
 36.474  89  0 
 36.815  88  0 
 37  87.4731  0 
 37.1433  87  0 
 37.4545  86  0 
 37.7605  85  0 
 38  84.2076  0 
 38.0554  84  0 
 38.3266  83  0 
 38.5865  82  0 
 38.8333  81  0 
 39  80.2909  0 
 39.0621  80  0 
 39.2678  79  0 
 39.4565  78  0 
 39.6275  77  0 
 39.78  76  0 
 39.9139  75  0 
 40  74.2617  0 
 40.0286  74  0 
 40.1235  73  0 
 40.2018  72  0 
 40.2647  71  0 
 40.3134  70  0 
 40.3495  69  0 
 40.3747  68  0 
 40.391  67  0 
 40.4002  66  0 
 40.4044  65  0 
 40.4055  64  0 
 40.4056  63  0 
 40.4067  62  0 
 40.4108  61  0 
 40.4201  60  0 
 40.4365  59  0 
 40.4622  58  0 
 40.4995  57  0 
 40.5506  56  0 
 40.6182  55  0 
 40.705  54  0 
 40.8144  53  0 
 40.9499  52  0 
 41  51.6835  0 
 41.1152  51  0 
 41.3159  50  0 
 41.5593  49  0 


# Contour 3, label:     -0.5
 27  75.1167 -0.5 
 26.4755  75 -0.5 
 26  74.8879 -0.5 
 25  74.4395 -0.5 
 24.3326  74 -0.5 
 24  73.7606 -0.5 
 23.186  73 -0.5 
 23  72.8057 -0.5 
 22.3593  72 -0.5 
 22  71.4819 -0.5 
 21.7075  71 -0.5 
 21.1866  70 -0.5 
 21  69.5744 -0.5 
 20.7696  69 -0.5 
 20.4407  68 -0.5 
 20.1836  67 -0.5 
 20  66.0306 -0.5 
 19.9945  66 -0.5 
 19.8743  65 -0.5 
 19.8147  64 -0.5 
 19.8147  63 -0.5 
 19.874  62 -0.5 
 19.9932  61 -0.5 
 20  60.9619 -0.5 
 20.1798  60 -0.5 
 20.4322  59 -0.5 
 20.7532  58 -0.5 
 21  57.3664 -0.5 
 21.1555  57 -0.5 
 21.6549  56 -0.5 
 22  55.4037 -0.5 
 22.2647  55 -0.5 
 23  54.013 -0.5 
 23.0115  54 -0.5 
 23.9874  53 -0.5 
 24  52.9882 -0.5 
 25  52.2347 -0.5 
 25.4301  52 -0.5 
 26  51.705 -0.5 
 27  51.3875 -0.5 
 28  51.2818 -0.5 
 29  51.408 -0.5 
 30  51.8035 -0.5 
 30.2803  52 -0.5 
 31  52.5504 -0.5 
 31.3892  53 -0.5 
 32  53.7943 -0.5 
 32.1159  54 -0.5 
 32.6178  55 -0.5 
 33  55.8916 -0.5 
 33.0366  56 -0.5 
 33.3337  57 -0.5 
 33.5826  58 -0.5 
 33.7871  59 -0.5 
 33.9497  60 -0.5 
 34  60.4079 -0.5 
 34.0616  61 -0.5 
 34.1318  62 -0.5 
 34.1674  63 -0.5 
 34.1674  64 -0.5 
 34.1302  65 -0.5 
 34.0538  66 -0.5 
 34  66.4601 -0.5 
 33.9253  67 -0.5 
 33.7363  68 -0.5 
 33.4925  69 -0.5 
 33.1905  70 -0.5 
 33  70.5302 -0.5 
 32.7899  71 -0.5 
 32.2702  72 -0.5 
 32  72.4562 -0.5 
 31.577  73 -0.5 
 31  73.6667 -0.5 
 30.5915  74 -0.5 
 30  74.4473 -0.5 
 29  74.9188 -0.5 
 28.6257  75 -0.5 
 28  75.1306 -0.5 
 27  75.1167 -0.5 

